0.000000 0.000000 5.000000
1.545085 0.000000 4.755283
1.250000 0.908178 4.755283
1.250000 0.908178 4.755283
1.545085 0.000000 4.755283
2.938926 0.000000 4.045085
2.938926 0.000000 4.045085
1.250000 0.908178 4.755283
2.377641 1.727458 4.045085
2.377641 1.727458 4.045085
2.938926 0.000000 4.045085
4.045085 0.000000 2.938926
4.045085 0.000000 2.938926
2.377641 1.727458 4.045085
3.272543 2.377641 2.938926
3.272543 2.377641 2.938926
4.045085 0.000000 2.938926
4.755283 0.000000 1.545085
4.755283 0.000000 1.545085
3.272543 2.377641 2.938926
3.847104 2.795085 1.545085
3.847104 2.795085 1.545085
4.755283 0.000000 1.545085
5.000000 0.000000 -0.000000
5.000000 0.000000 -0.000000
3.847104 2.795085 1.545085
4.045085 2.938926 -0.000000
4.045085 2.938926 -0.000000
5.000000 0.000000 -0.000000
4.755283 0.000000 -1.545085
4.755283 0.000000 -1.545085
4.045085 2.938926 -0.000000
3.847104 2.795085 -1.545085
3.847104 2.795085 -1.545085
4.755283 0.000000 -1.545085
4.045085 0.000000 -2.938926
4.045085 0.000000 -2.938926
3.847104 2.795085 -1.545085
3.272543 2.377641 -2.938926
3.272543 2.377641 -2.938926
4.045085 0.000000 -2.938926
2.938926 0.000000 -4.045085
2.938926 0.000000 -4.045085
3.272543 2.377641 -2.938926
2.377641 1.727457 -4.045085
2.377641 1.727457 -4.045085
2.938926 0.000000 -4.045085
1.545084 0.000000 -4.755283
1.545084 0.000000 -4.755283
2.377641 1.727457 -4.045085
1.249999 0.908178 -4.755283
1.198911 0.871060 -4.775339
1.481936 0.000000 -4.775339
-0.066276 -0.000000 -4.999561
0.000000 0.000000 5.000000
1.545085 0.000000 4.755283
1.250000 0.908178 4.755283
1.250000 0.908178 4.755283
1.545085 0.000000 4.755283
2.938926 0.000000 4.045085
2.938926 0.000000 4.045085
1.250000 0.908178 4.755283
2.377641 1.727458 4.045085
2.377641 1.727458 4.045085
2.938926 0.000000 4.045085
4.045085 0.000000 2.938926
4.045085 0.000000 2.938926
2.377641 1.727458 4.045085
3.272543 2.377641 2.938926
3.272543 2.377641 2.938926
4.045085 0.000000 2.938926
4.755283 0.000000 1.545085
4.755283 0.000000 1.545085
3.272543 2.377641 2.938926
3.847104 2.795085 1.545085
3.847104 2.795085 1.545085
4.755283 0.000000 1.545085
5.000000 0.000000 -0.000000
5.000000 0.000000 -0.000000
3.847104 2.795085 1.545085
4.045085 2.938926 -0.000000
4.045085 2.938926 -0.000000
5.000000 0.000000 -0.000000
4.755283 0.000000 -1.545085
4.755283 0.000000 -1.545085
4.045085 2.938926 -0.000000
3.847104 2.795085 -1.545085
3.847104 2.795085 -1.545085
4.755283 0.000000 -1.545085
4.045085 0.000000 -2.938926
4.045085 0.000000 -2.938926
3.847104 2.795085 -1.545085
3.272543 2.377641 -2.938926
3.272543 2.377641 -2.938926
4.045085 0.000000 -2.938926
2.938926 0.000000 -4.045085
2.938926 0.000000 -4.045085
3.272543 2.377641 -2.938926
2.377641 1.727457 -4.045085
2.377641 1.727457 -4.045085
2.938926 0.000000 -4.045085
1.545084 0.000000 -4.755283
1.545084 0.000000 -4.755283
2.377641 1.727457 -4.045085
1.249999 0.908178 -4.755283
1.198911 0.871060 -4.775339
1.481936 0.000000 -4.775339
-0.066276 -0.000000 -4.999561
0.000000 0.000000 5.000000
1.250000 0.908178 4.755283
0.477457 1.469463 4.755283
0.477457 1.469463 4.755283
1.250000 0.908178 4.755283
2.377641 1.727458 4.045085
2.377641 1.727458 4.045085
0.477457 1.469463 4.755283
0.908178 2.795085 4.045085
0.908178 2.795085 4.045085
2.377641 1.727458 4.045085
3.272543 2.377641 2.938926
3.272543 2.377641 2.938926
0.908178 2.795085 4.045085
1.250000 3.847105 2.938926
1.250000 3.847105 2.938926
3.272543 2.377641 2.938926
3.847104 2.795085 1.545085
3.847104 2.795085 1.545085
1.250000 3.847105 2.938926
1.469463 4.522543 1.545085
1.469463 4.522543 1.545085
3.847104 2.795085 1.545085
4.045085 2.938926 -0.000000
4.045085 2.938926 -0.000000
1.469463 4.522543 1.545085
1.545085 4.755283 -0.000000
1.545085 4.755283 -0.000000
4.045085 2.938926 -0.000000
3.847104 2.795085 -1.545085
3.847104 2.795085 -1.545085
1.545085 4.755283 -0.000000
1.469463 4.522542 -1.545085
1.469463 4.522542 -1.545085
3.847104 2.795085 -1.545085
3.272543 2.377641 -2.938926
3.272543 2.377641 -2.938926
1.469463 4.522543 -1.545085
1.250000 3.847105 -2.938926
1.250000 3.847105 -2.938926
3.272543 2.377641 -2.938926
2.377641 1.727457 -4.045085
2.377641 1.727457 -4.045085
1.250000 3.847105 -2.938926
0.908178 2.795085 -4.045085
0.908178 2.795085 -4.045085
2.377641 1.727457 -4.045085
1.249999 0.908178 -4.755283
1.249999 0.908178 -4.755283
0.908178 2.795085 -4.045085
0.477457 1.469462 -4.755283
0.457943 1.409405 -4.775339
1.198911 0.871060 -4.775339
-0.053619 -0.038956 -4.999561
0.000000 0.000000 5.000000
0.477457 1.469463 4.755283
-0.477458 1.469463 4.755283
-0.477458 1.469463 4.755283
0.477457 1.469463 4.755283
0.908178 2.795085 4.045085
0.908178 2.795085 4.045085
-0.477458 1.469463 4.755283
-0.908178 2.795085 4.045085
-0.908178 2.795085 4.045085
0.908178 2.795085 4.045085
1.250000 3.847105 2.938926
1.250000 3.847105 2.938926
-0.908178 2.795085 4.045085
-1.250000 3.847104 2.938926
-1.250000 3.847104 2.938926
1.250000 3.847105 2.938926
1.469463 4.522543 1.545085
1.469463 4.522543 1.545085
-1.250000 3.847104 2.938926
-1.469463 4.522542 1.545085
-1.469463 4.522542 1.545085
1.469463 4.522543 1.545085
1.545085 4.755283 -0.000000
1.545085 4.755283 -0.000000
-1.469463 4.522542 1.545085
-1.545085 4.755283 -0.000000
-1.545085 4.755283 -0.000000
1.545085 4.755283 -0.000000
1.469463 4.522542 -1.545085
1.469463 4.522542 -1.545085
-1.545085 4.755283 -0.000000
-1.469463 4.522542 -1.545085
-1.469463 4.522542 -1.545085
1.469463 4.522542 -1.545085
1.250000 3.847105 -2.938926
1.250000 3.847105 -2.938926
-1.469463 4.522543 -1.545085
-1.250000 3.847105 -2.938926
-1.250000 3.847105 -2.938926
1.250000 3.847105 -2.938926
0.908178 2.795085 -4.045085
0.908178 2.795085 -4.045085
-1.250000 3.847105 -2.938926
-0.908178 2.795085 -4.045085
-0.908178 2.795085 -4.045085
0.908178 2.795085 -4.045085
0.477457 1.469462 -4.755283
0.477457 1.469462 -4.755283
-0.908178 2.795085 -4.045085
-0.477457 1.469462 -4.755283
-0.457943 1.409405 -4.775339
0.457943 1.409405 -4.775339
-0.020480 -0.063032 -4.999561
-0.000000 0.000000 5.000000
-0.477458 1.469463 4.755283
-1.250000 0.908178 4.755283
-1.250000 0.908178 4.755283
-0.477458 1.469463 4.755283
-0.908178 2.795085 4.045085
-0.908178 2.795085 4.045085
-1.250000 0.908178 4.755283
-2.377641 1.727457 4.045085
-2.377641 1.727457 4.045085
-0.908178 2.795085 4.045085
-1.250000 3.847104 2.938926
-1.250000 3.847104 2.938926
-2.377641 1.727457 4.045085
-3.272543 2.377641 2.938926
-3.272543 2.377641 2.938926
-1.250000 3.847104 2.938926
-1.469463 4.522542 1.545085
-1.469463 4.522542 1.545085
-3.272543 2.377641 2.938926
-3.847105 2.795085 1.545085
-3.847105 2.795085 1.545085
-1.469463 4.522542 1.545085
-1.545085 4.755283 -0.000000
-1.545085 4.755283 -0.000000
-3.847105 2.795085 1.545085
-4.045085 2.938926 -0.000000
-4.045085 2.938926 -0.000000
-1.545085 4.755283 -0.000000
-1.469463 4.522542 -1.545085
-1.469463 4.522542 -1.545085
-4.045085 2.938926 -0.000000
-3.847105 2.795085 -1.545085
-3.847105 2.795085 -1.545085
-1.469463 4.522542 -1.545085
-1.250000 3.847105 -2.938926
-1.250000 3.847105 -2.938926
-3.847105 2.795085 -1.545085
-3.272543 2.377641 -2.938926
-3.272543 2.377641 -2.938926
-1.250000 3.847105 -2.938926
-0.908178 2.795085 -4.045085
-0.908178 2.795085 -4.045085
-3.272543 2.377641 -2.938926
-2.377641 1.727457 -4.045085
-2.377641 1.727457 -4.045085
-0.908178 2.795085 -4.045085
-0.477457 1.469462 -4.755283
-0.477457 1.469462 -4.755283
-2.377641 1.727457 -4.045085
-1.249999 0.908178 -4.755283
-1.198911 0.871060 -4.775339
-0.457943 1.409405 -4.775339
0.020480 -0.063032 -4.999561
-0.000000 0.000000 5.000000
-1.250000 0.908178 4.755283
-1.545085 -0.000000 4.755283
-1.545085 -0.000000 4.755283
-1.250000 0.908178 4.755283
-2.377641 1.727457 4.045085
-2.377641 1.727457 4.045085
-1.545085 -0.000000 4.755283
-2.938926 -0.000000 4.045085
-2.938926 -0.000000 4.045085
-2.377641 1.727457 4.045085
-3.272543 2.377641 2.938926
-3.272543 2.377641 2.938926
-2.938926 -0.000000 4.045085
-4.045085 -0.000000 2.938926
-4.045085 -0.000000 2.938926
-3.272543 2.377641 2.938926
-3.847105 2.795085 1.545085
-3.847105 2.795085 1.545085
-4.045085 -0.000000 2.938926
-4.755283 -0.000000 1.545085
-4.755283 -0.000000 1.545085
-3.847105 2.795085 1.545085
-4.045085 2.938926 -0.000000
-4.045085 2.938926 -0.000000
-4.755283 -0.000000 1.545085
-5.000000 -0.000000 -0.000000
-5.000000 -0.000000 -0.000000
-4.045085 2.938926 -0.000000
-3.847105 2.795085 -1.545085
-3.847105 2.795085 -1.545085
-5.000000 -0.000000 -0.000000
-4.755283 -0.000000 -1.545085
-4.755283 -0.000000 -1.545085
-3.847105 2.795085 -1.545085
-3.272543 2.377641 -2.938926
-3.272543 2.377641 -2.938926
-4.755283 -0.000000 -1.545085
-4.045085 -0.000000 -2.938926
-4.045085 -0.000000 -2.938926
-3.272543 2.377641 -2.938926
-2.377641 1.727457 -4.045085
-2.377641 1.727457 -4.045085
-4.045085 -0.000000 -2.938926
-2.938926 -0.000000 -4.045085
-2.938926 -0.000000 -4.045085
-2.377641 1.727457 -4.045085
-1.249999 0.908178 -4.755283
-1.249999 0.908178 -4.755283
-2.938926 -0.000000 -4.045085
-1.545084 -0.000000 -4.755283
-1.481936 -0.000000 -4.775339
-1.198911 0.871060 -4.775339
0.053619 -0.038956 -4.999561
-0.000000 -0.000000 5.000000
-1.545085 -0.000000 4.755283
-1.250000 -0.908178 4.755283
-1.250000 -0.908178 4.755283
-1.545085 -0.000000 4.755283
-2.938926 -0.000000 4.045085
-2.938926 -0.000000 4.045085
-1.250000 -0.908178 4.755283
-2.377641 -1.727458 4.045085
-2.377641 -1.727458 4.045085
-2.938926 -0.000000 4.045085
-4.045085 -0.000000 2.938926
-4.045085 -0.000000 2.938926
-2.377641 -1.727458 4.045085
-3.272542 -2.377642 2.938926
-3.272542 -2.377642 2.938926
-4.045085 -0.000000 2.938926
-4.755283 -0.000000 1.545085
-4.755283 -0.000000 1.545085
-3.272542 -2.377642 2.938926
-3.847104 -2.795085 1.545085
-3.847104 -2.795085 1.545085
-4.755283 -0.000000 1.545085
-5.000000 -0.000000 -0.000000
-5.000000 -0.000000 -0.000000
-3.847104 -2.795085 1.545085
-4.045085 -2.938927 -0.000000
-4.045085 -2.938927 -0.000000
-5.000000 -0.000000 -0.000000
-4.755283 -0.000000 -1.545085
-4.755283 -0.000000 -1.545085
-4.045085 -2.938927 -0.000000
-3.847104 -2.795085 -1.545085
-3.847104 -2.795085 -1.545085
-4.755283 -0.000000 -1.545085
-4.045085 -0.000000 -2.938926
-4.045085 -0.000000 -2.938926
-3.847104 -2.795085 -1.545085
-3.272542 -2.377642 -2.938926
-3.272542 -2.377642 -2.938926
-4.045085 -0.000000 -2.938926
-2.938926 -0.000000 -4.045085
-2.938926 -0.000000 -4.045085
-3.272542 -2.377642 -2.938926
-2.377641 -1.727458 -4.045085
-2.377641 -1.727458 -4.045085
-2.938926 -0.000000 -4.045085
-1.545084 -0.000000 -4.755283
-1.545084 -0.000000 -4.755283
-2.377641 -1.727458 -4.045085
-1.249999 -0.908178 -4.755283
-1.198911 -0.871060 -4.775339
-1.481936 -0.000000 -4.775339
0.066276 0.000000 -4.999561
-0.000000 -0.000000 5.000000
-1.250000 -0.908178 4.755283
-0.477458 -1.469463 4.755283
-0.477458 -1.469463 4.755283
-1.250000 -0.908178 4.755283
-2.377642 -1.727457 4.045085
-2.377642 -1.727457 4.045085
-0.477458 -1.469463 4.755283
-0.908179 -2.795085 4.045085
-0.908179 -2.795085 4.045085
-2.377642 -1.727457 4.045085
-3.272543 -2.377641 2.938926
-3.272543 -2.377641 2.938926
-0.908179 -2.795085 4.045085
-1.250000 -3.847104 2.938926
-1.250000 -3.847104 2.938926
-3.272543 -2.377641 2.938926
-3.847105 -2.795084 1.545085
-3.847105 -2.795084 1.545085
-1.250000 -3.847104 2.938926
-1.469464 -4.522542 1.545085
-1.469464 -4.522542 1.545085
-3.847105 -2.795084 1.545085
-4.045085 -2.938926 -0.000000
-4.045085 -2.938926 -0.000000
-1.469464 -4.522542 1.545085
-1.545086 -4.755282 -0.000000
-1.545086 -4.755282 -0.000000
-4.045085 -2.938926 -0.000000
-3.847105 -2.795084 -1.545085
-3.847105 -2.795084 -1.545085
-1.545086 -4.755282 -0.000000
-1.469464 -4.522542 -1.545085
-1.469464 -4.522542 -1.545085
-3.847105 -2.795084 -1.545085
-3.272543 -2.377641 -2.938926
-3.272543 -2.377641 -2.938926
-1.469464 -4.522542 -1.545085
-1.250000 -3.847104 -2.938926
-1.250000 -3.847104 -2.938926
-3.272543 -2.377641 -2.938926
-2.377641 -1.727457 -4.045085
-2.377641 -1.727457 -4.045085
-1.250000 -3.847104 -2.938926
-0.908178 -2.795085 -4.045085
-0.908178 -2.795085 -4.045085
-2.377641 -1.727457 -4.045085
-1.249999 -0.908177 -4.755283
-1.249999 -0.908177 -4.755283
-0.908178 -2.795085 -4.045085
-0.477457 -1.469462 -4.755283
-0.457943 -1.409405 -4.775339
-1.198911 -0.871060 -4.775339
0.053619 0.038956 -4.999561
-0.000000 -0.000000 5.000000
-0.477458 -1.469463 4.755283
0.477458 -1.469463 4.755283
0.477458 -1.469463 4.755283
-0.477458 -1.469463 4.755283
-0.908179 -2.795085 4.045085
-0.908179 -2.795085 4.045085
0.477458 -1.469463 4.755283
0.908179 -2.795085 4.045085
0.908179 -2.795085 4.045085
-0.908179 -2.795085 4.045085
-1.250000 -3.847104 2.938926
-1.250000 -3.847104 2.938926
0.908179 -2.795085 4.045085
1.250001 -3.847104 2.938926
1.250001 -3.847104 2.938926
-1.250000 -3.847104 2.938926
-1.469464 -4.522542 1.545085
-1.469464 -4.522542 1.545085
1.250001 -3.847104 2.938926
1.469464 -4.522542 1.545085
1.469464 -4.522542 1.545085
-1.469464 -4.522542 1.545085
-1.545086 -4.755282 -0.000000
-1.545086 -4.755282 -0.000000
1.469464 -4.522542 1.545085
1.545086 -4.755282 -0.000000
1.545086 -4.755282 -0.000000
-1.545086 -4.755282 -0.000000
-1.469464 -4.522542 -1.545085
-1.469464 -4.522542 -1.545085
1.545086 -4.755282 -0.000000
1.469464 -4.522542 -1.545085
1.469464 -4.522542 -1.545085
-1.469464 -4.522542 -1.545085
-1.250000 -3.847104 -2.938926
-1.250000 -3.847104 -2.938926
1.469464 -4.522542 -1.545085
1.250001 -3.847104 -2.938926
1.250001 -3.847104 -2.938926
-1.250000 -3.847104 -2.938926
-0.908178 -2.795085 -4.045085
-0.908178 -2.795085 -4.045085
1.250001 -3.847104 -2.938926
0.908178 -2.795085 -4.045085
0.908178 -2.795085 -4.045085
-0.908178 -2.795085 -4.045085
-0.477457 -1.469462 -4.755283
-0.477457 -1.469462 -4.755283
0.908178 -2.795085 -4.045085
0.477457 -1.469462 -4.755283
0.457944 -1.409405 -4.775339
-0.457943 -1.409405 -4.775339
0.020480 0.063032 -4.999561
0.000000 -0.000000 5.000000
0.477458 -1.469463 4.755283
1.250000 -0.908178 4.755283
1.250000 -0.908178 4.755283
0.477458 -1.469463 4.755283
0.908179 -2.795085 4.045085
0.908179 -2.795085 4.045085
1.250000 -0.908178 4.755283
2.377642 -1.727457 4.045085
2.377642 -1.727457 4.045085
0.908179 -2.795085 4.045085
1.250001 -3.847104 2.938926
1.250001 -3.847104 2.938926
2.377642 -1.727457 4.045085
3.272543 -2.377640 2.938926
3.272543 -2.377640 2.938926
1.250001 -3.847104 2.938926
1.469464 -4.522542 1.545085
1.469464 -4.522542 1.545085
3.272543 -2.377640 2.938926
3.847106 -2.795083 1.545085
3.847106 -2.795083 1.545085
1.469464 -4.522542 1.545085
1.545086 -4.755282 -0.000000
1.545086 -4.755282 -0.000000
3.847106 -2.795083 1.545085
4.045086 -2.938925 -0.000000
4.045086 -2.938925 -0.000000
1.545086 -4.755282 -0.000000
1.469464 -4.522542 -1.545085
1.469464 -4.522542 -1.545085
4.045086 -2.938925 -0.000000
3.847105 -2.795083 -1.545085
3.847105 -2.795083 -1.545085
1.469464 -4.522542 -1.545085
1.250001 -3.847104 -2.938926
1.250001 -3.847104 -2.938926
3.847106 -2.795084 -1.545085
3.272544 -2.377640 -2.938926
3.272544 -2.377640 -2.938926
1.250001 -3.847104 -2.938926
0.908178 -2.795085 -4.045085
0.908178 -2.795085 -4.045085
3.272544 -2.377640 -2.938926
2.377642 -1.727456 -4.045085
2.377642 -1.727456 -4.045085
0.908178 -2.795085 -4.045085
0.477457 -1.469462 -4.755283
0.477457 -1.469462 -4.755283
2.377642 -1.727456 -4.045085
1.250000 -0.908177 -4.755283
1.198911 -0.871059 -4.775339
0.457944 -1.409405 -4.775339
-0.020480 0.063032 -4.999561
0.000000 -0.000000 5.000000
1.250000 -0.908178 4.755283
1.545085 0.000001 4.755283
1.545085 0.000001 4.755283
1.250000 -0.908178 4.755283
2.377642 -1.727457 4.045085
2.377642 -1.727457 4.045085
1.545085 0.000001 4.755283
2.938926 0.000002 4.045085
2.938926 0.000002 4.045085
2.377642 -1.727457 4.045085
3.272543 -2.377640 2.938926
3.272543 -2.377640 2.938926
2.938926 0.000002 4.045085
4.045085 0.000003 2.938926
4.045085 0.000003 2.938926
3.272543 -2.377640 2.938926
3.847106 -2.795083 1.545085
3.847106 -2.795083 1.545085
4.045085 0.000003 2.938926
4.755283 0.000003 1.545085
4.755283 0.000003 1.545085
3.847106 -2.795083 1.545085
4.045086 -2.938925 -0.000000
4.045086 -2.938925 -0.000000
4.755283 0.000003 1.545085
5.000000 0.000003 -0.000000
5.000000 0.000003 -0.000000
4.045086 -2.938925 -0.000000
3.847105 -2.795083 -1.545085
3.847105 -2.795083 -1.545085
5.000000 0.000003 -0.000000
4.755283 0.000003 -1.545085
4.755283 0.000003 -1.545085
3.847105 -2.795083 -1.545085
3.272544 -2.377640 -2.938926
3.272544 -2.377640 -2.938926
4.755283 0.000003 -1.545085
4.045085 0.000003 -2.938926
4.045085 0.000003 -2.938926
3.272544 -2.377640 -2.938926
2.377642 -1.727456 -4.045085
2.377642 -1.727456 -4.045085
4.045085 0.000003 -2.938926
2.938926 0.000002 -4.045085
2.938926 0.000002 -4.045085
2.377642 -1.727456 -4.045085
1.250000 -0.908177 -4.755283
1.250000 -0.908177 -4.755283
2.938926 0.000002 -4.045085
1.545084 0.000001 -4.755283
1.481936 0.000001 -4.775339
1.198911 -0.871059 -4.775339
-0.053619 0.038956 -4.999561
